$ANSIBLE_VAULT;1.1;AES256
37383332336265636339323061386635383233353861626565306432663939636633663862633465
3863303332343731396638343432633965633138653935310a653461323433613839373966396635
64303863336231383031656562613464356164343234376537306633303366323566613435353133
6163363637343763360a326263333634653963343664346139363134616261626266336262333435
61313266393238373765313338313930383466653234663439383461336261386135353466396538
34623962633134373637383733356339646564333130663737326231303861336263333532313234
66656562653466363163353239616262313231393430316334373763393065636233333237376666
62343232613332313262386132356237303834373662663433626331646237383236393938353939
37353863346133666363633930643336633135653966356439666662306565656339306564623064
37346538386133663034366230373636343462323630363464353362656434323731343331313131
65353965383138313430323636363931626633613236666662303366303062336438303530616438
32653966653734656361323162373835366330343533623337616564653361323232616662383631
33653335666233343563313165386637663963346235363033383134646364313734643965393231
63366566383733353830376263386364336131383438363939616636626231343366343434643563
36653464353331646333376131616563363466303939393231666634383334393263383936366531
36633430316364386364353937626437613164373761356363346139623630636232353032353136
63343037653462636332623933353430646338333337353062633630373434653536613636386338
32646633653939326432303131343438336438653031633336666633663463643165653266653732
34643165653937386536613262366431383864393238393232373934656463363863316366353135
61313833383265376630643931356537343066333539643066633533636266383235663335623538
36333866613537333836353638303130633732396564666136363931636134373439336133373065
32383862646236376234616536306430663530613839333331653331663731616536336462623638
37323264386264613132356664623134633930623138323062306237623538346164633965626664
32386162323433323939393132386131633030613033386234373563646435323936393464326362
34656166666630346664663234353435633138316262376338613363353764353335326331303339
62396637383433333466313833393561396438386165663438616366376235336564353836666335
37633537373662373339363737613035316132303735653963306435666362616433316336376331
30333535393135666337393864376161616535653765353330316566633330616232383735323333
34386135323235383233613830336631636266393339316563663635643435373731663830363461
65656134633030313236653731363837643733663862303230366535373231316138333138313265
30636330353361306136666662323763653434613362393364336438613033313931653765336534
37376435353931356662333835333539326438356466653465383439343732376263366663623835
37346164383637313238333931623061363432303736343266623039616566633333373063663762
35616337626332333361663039633364356665643030653930313961643138373834663634343136
32396137306365623665386432333232353965646263373737633332653837636633643531353531
62666561623166346265333831363837386366336563633034396635313731346434643264653261
33343132366332663533653566303262383838373138373039383039313535383062666661623965
65396532373536633461323733663938653164613537653362616635643537646237363363333436
65336135646163376666653061336163393832393331313830666331343431653064646335653966
61376237313165343935633964363461396239323264393662643038376666343238646237376534
37333364396237386136333263393662653030616661323637386365663039636431623831663433
63656161303939653263383332393337396433393832613034623633353938643633386236373834
34623536663935303833613231306131323430383335373333316233353961653266643832383335
61623639376234323830643532393030323535396239313130653833363936643231366135633337
30396365316265316336313161356463373231623233366366363364613261366333363338376633
38396665623834663238626635313338323865333062333633376562353131343530336130326238
30346430623835353366363333646233616639376135363363376364363934616232343839343062
66363430333735663733363635326533636361633366353433633936613361303461396438626666
38303435306636646431336238646362323431346562633830623961376539623437326361323739
38656631663830323537353935333739396337323835663935633230666634626430656464393838
61353134646233393364316562383666613166636665636138646563353362626130373532653061
33656665643131303361633163653964323434633133613731356135363165326566623730346566
36393562373363383065666338303133363562313563616562373365623538623265626563393130
62343535326239633065646663303135633638633766663066353566346563303731643331336263
34373435363336326337383330383065303037613435623439333634643430336639396162373532
62373564393133306335333733393537323337633830646363383363616666636562396333333964
62343063616465613734633833663639363736316339353565643439313262646238623932303836
34303331653530633736653936653636393066343633316566363163636135303938306439656639
62636630396364633334393636383865326163623230363136356464666436353138396335343931
32373661356335343735
