$ANSIBLE_VAULT;1.1;AES256
37663232316233393866336630323537383366356235363439316237353266333166616439626337
3964316166386230316231353036383362393035666265630a343364316465666163363639346236
37383632333266363462393835313662646134613665656566336634653634373435636562373963
6339366165373532330a393733316131316634313662346364303065646233626433303630626631
65623561653862616637663439393664343730626361616537336230333430666366653532646331
33333633336265666562636333643239326465633635323835396634643965653634383230663735
34666439306664653862303636616566396262356237323239346437366137396530646262366461
34656466356339386666313836613831643539343464363031343735326531366434643164353332
37666133616564663438663466623463623931336561323430623937616366373730613838373335
37626362623666376638343231613537336231383736633630353737353363333731613637343362
31393934353339393137333337663539616334303261343832303537656339646665393466353331
39306233363663386132326438326364333831656139363139663232373630306632356135323863
38333065666336653366366363343931323264356435626637313162346439663236666439363064
65326664656134363932396636313461303365663638393836306330306262383835393932393135
63363635333130646235656538393531393430343536383130623039613133633835623333393633
30383861663435326438636636333039343830373233363364356563633362623134613832363636
62366163626566363865363136303039353661643662303234646432343633393335626235643463
64303565633930643736653232336331663035353331306432353735323964336334343561366663
39623636656664646461656266646231656666666234306562623131313432306538626535383361
37323761663831353065356432313539343264326231323234366561646364373766376532383465
65656334643361393565313937356537376530353631376262666137333063616164363763303434
66323531653564656135363539396639316565653465303233306337346561623135386331333765
65666361643464616437313532386365356433356361383736366462623230653466373431383839
66623966343938366337386665616633366431613261323563616532366363333864306431383764
63656536303137653066663039343136666263366234306331306631303432663137313536646363
61316163333432376437303635643162326536363261323963643836646531386338663862383764
61643130616434316263666238373536363934616430656632316261333732666564303666333430
36396337366638376132633461383338633066623963623265343661393136663332646432316632
38363936613866363633353934323866396436656137393033653336363765333166333531383932
32356631343432383137343738343731383166383132313336353232643630616263646361383965
34383338613164366238393633633436386138343930353133633630663465306439623037306430
37386366353362633362656136393962623631313836386366613164643536363736653330326266
63323437663933383566616566646236306531656364363835346234323764333062356336666538
63313262663831613165326333643662643266346533643431626233313031653339646165393432
36373932663534363462343630663237643562343139353464376135666365306465393863393433
38326631396563613962323130623164386230363934393234376434663465383933343133633366
64626537663733646637336361643663623461346665646632316431306137366262346637306464
31623135386131636363373539326431363634383661313361633236653030646636663539386466
62346539313037326462653230376464323937643262653136643864633232663163326437656163
32663231646133663432386238623263313764373164373937656533323665646237623564656633
30353633643830313839363562323633396333343739363161356361366561633232373039393135
30386437373364323032333730643965376533313337396561623937363265663962663133643064
34353034663634623430303464346235613861343062313637383438633662396339363665383034
32383233303936373039306234333335653930323130316166646361636431653861366335383864
34373064363639366235366461363263363264633334623333636136343236653761386632356339
37666236353134323338613130643635353530376265373165633736323437353763363036326231
32396563363162326334626563343135623565346136353365386638313231626130303463636238
66613266613230386661623637303632363538353030303130393163646633333837626238633966
33663039626637636530636132643766633032646133636266366461363461333462326562353435
34396566336534643435616561613832353335373633633937393763343663666134663865616263
39376338383636393333313134396639306261323530646337346566393339383066306662643665
32373930643738646466356334616163333266616363633730316537663731333133643361646537
65616239633737366332613264356430303663623435633232313937653765626436626464356637
38613038383136313965386332313331306138343939386433323436336137386133643764386438
31653637643362356565633539353238643639613464383834633930343464313331306136636435
65386363353335356637303637393230386565653965396264643136333665363837616463643763
33353165323733336430626134393937613263343464623832363534316562356539643033336363
34356539333264303661666665643738353565663533326131376165666439643966383039353238
30343434336364623830633165633365636133336133643363663834336532396266373335653061
65623263646433363436656161323137376664323339623065343639633734373233383235373035
30633733383161373237323734656265393636386637613336363263356539333437336235633732
3932613032613565373365333438336164363165353861393339
