$ANSIBLE_VAULT;1.1;AES256
64626665653465366637363537633863666436366666396165633432323934646166303733623138
3031636632656665326161656662366437396562376335610a623433656230613030636135303232
32353634313563313936323266626335353366623063353530353861613662323563393632343131
3135636136616364320a636535623839623736643531613730353632306231636161383865333034
37636330306338353235373639323466363939653537366666356432393337373665623261333435
34643861386534343366343432636162303034393938303739326233363732373638653664353933
65396566623765373463303433303232623438363230363634333062373030373962316163663761
39343534326638643830623833666335646464353866646430303135356664346238653237363262
63316264373731353036646430366466303039396536626438376438323231383837333133306462
63663930656364343232383863663939306136633235373231393463636531353963333061306533
32663635333731346233353538353339636238643331306135323633613432393961353536653430
38643835613663613034396437396336373438353839393639373134623463346663316562666530
37373266343230623031343636336661323465393261373863646164663239313533623465323532
38633832356262386665326263303436633763333832646665613133303036316338653965376334
32663833346163633731653961363838326433626566383137613535313064363162353034356137
65653131633066326566393265353465643366363632343232623933306664653938633066313134
65396330633561353462373264636132626664363263356134343638386463646263386166666639
37316164613462613861656536386439386263343633393534396461316335663430626463313464
65326135303236616161326266636433383362623936383134326630646637316535313337373232
30366632393364336564633666663133616263313663666139353432316238333635353033666263
62396438663035643137373739653534316536386136626239633965623138313734336264623334
38653035346130356564363965663636336663633835386638626538363839396263663564343565
32333465386237333662663863643236336633353465363936316631356634626439633439663263
35613566653838663732316361333762343364633439373234333737313266366532396632626439
6565
