$ANSIBLE_VAULT;1.1;AES256
30353637326136393735353430643865386635313138356637653665323439633064393632613566
3533376439323961333439613639353063396136623031350a303564656266623066376639356435
64626237316135383461356562613065376661353735663464343065373639303038623533633761
6562623734376537370a343362363337383364643535326163663465633631353565343634356430
65643265363962386162373664373332393839356537623038313937356461356630393533303038
36646132306537653139643339393862346564333237623163666233336331643963616430646166
32626539666263383137353963346264316334343466616435313962333965643263336434656437
63646264393530353633653862373363303033363233636436326130633666333837333863343463
32396364633463326362346239326535643064623432313631636663353562323439643332636266
39613730613338636363323339633965663637313630343966636239666463323163383631663964
31393164326465306632623835636533653239393063383638323265346463633431666661303435
66656238306339356234383365393335633263353037333631376130323535613838363661383461
62646661346331666535343763656433653566623565333435316263353063343330353430386634
30323933366165636137636231306664373264393639343465656264376636666138303136313432
64393833643339653139633530363131646363343836346265633032633035383963386636643266
61353039656264373233646665613533666264623664363932326337663437613866613532386235
34396434643130623739323565396363313866663230363538356539656162656638643931633035
61303133653632313964333731356561356465313766643565373936386537383439396461666562
30343861303265323739333437346365323130373531356135666430656666336534313634376266
64356365376630346438313332393364643736663266393866343636653039626330653334333532
65636633643464393766633731616334323131613132373535336434656635396239623835353163
38616339613539323035656230623661616564343633376166376464323132613736366635616366
63663837363638393535653266373031643335393863393566353264376165343364316139343565
34636137656539386537393061363733363235663764336563346662366565643230653039316431
34633237373063326363373331353536363039636135346230313932633933353566626165636537
32366634633063616462313132343766306232616338343435636533303537333063356331376532
62363636636139393636323862623136333461386530613362316263666434623565666539633765
62306536336530643661303435323364626137303738386263613631336132353830346537373330
62393264303266373033343061376666633835633564656431346437343963626338356538386330
37663336313530386330663362336139326437656637633339616561303461646461363663353864
31326330336565363630623138366663326664623865306666613832633064646235313035333636
37303564336564616261383235653461313265313235306664346666626262643137353761323833
34616361316261643164383662643631366333613138303033643163663665313534313061363464
31366238356633613637323264363139643130393733343964653265373131623437313364303561
38343337646235653638303637393530633530646639353865363235646461323032613931643666
34363665303137616166333338316439363333306634333663333065653731353834313961343736
33653363613237396334626631326331643939336262393632643133316235346562333332636663
36383264623966373431363236353434316532313866626236363233663330613535626163333234
36626437366439636535653065343032333665346539356534636635633035323835313730366165
39353030363965303537633265313931313530643865636533336136343962613462393834663036
63346233336264333330346135343839323161656461323866386533316662313836396635333139
30616365366265653264366166666137323663656434303761336634656130366262656531363463
65333935303834613231376332383638343764323134316439383230623631323633383030653165
31613536336531303566386163313063616337393638346366613436383765303561366532646565
36623265363838306133666131386134323536303261336131616438303435363133323263376335
34303736343337373630333265393562633864623266663965313630366362393735396666366664
33303534356336373464343962326162333130373036663133353163393965333463306666313363
61633031333663366435613730363266653763626238653733366231663664313338323333646461
35363534376237396164666430303066633631633463363532336534633537326333303138623961
37643132656438633463666262633037336136353464376161316637306432656435666236663061
63656431386164393763343366343135633466386535343538343534376436336465396464666434
31383664653964306334646463623238336238373735663033313961646635346132313733633166
65626138663639396134333831633338323262373332346136346433343930356334663939663761
35383235346633653938303464626465633034383832313138646333316532663738643435326135
64363134343933326531343034333833373935313865343739313061636637623661393732353635
35373066633930306162316664613638313238333033396534306266316633326366323065623130
36643339353231376665663665643335613939326631386261396136323462633261326166383562
31323635336363663334393338346638333265623864616365373761613738636432333561363833
37663134623937343732313434623362623564333838316562636139376136313261393936323039
30623361663763316233626435386536303261396161303530396231373838616137366138646339
30663062333062306430633130376236343832653734316431393932386138663363653764376462
61656263363362656431353738666465353339336339623464613761643166633566636631366262
39646335633663383662393830663963353565323839396661386635323533353165656566633161
62333135323262666236343964336162626263306661353766383363363030393934303062353035
30303937383635343063373530316639383862316532396334343132363065313165633365633038
33373861633036643337383530363866376634336337643637303466306231626331636132646237
34663939623763323365323266366163333861326566313233663539373837636338363935633735
64383232363933386465303139653263323565343662613164366366336638643431306365383234
31643337643862306433303434373936306565626537356666616462663232366331353737303864
36636638353132336231623532376534383864386661363334303435623666656531343737306639
64343363663230383634633735646462343966636464633864346363343831626137623966356636
30326166613663623737323666623737383761353366626233373533366239336238323136653737
65316336663365346264613232383532376539313536386537366133396535316137306465656133
33393466356461353866636365323431343034326361623636326137656531656336643161633639
63326634363235353332373836643432343634643834333064373466343031353038343230363633
34653630303534653062653037616264663835323930346633326533313861656531666534636232
62306532356262376264386433643864306137613364353563636439636264623336613138656335
63353463373338653830366436636637643732656665663664326236623863373066373630613565
35313535386635616432393363616631306164366364616231343039323763623865393164656339
62663365326237373130393338386632396632303730666130653133333736393762333132613336
61636133393362343539616334363630356130303535616336373139353533663561326365303230
31613832636131353438646363633430396363366464633732343732363366383534656631643263
36386264326566643066316132386364333834363035393838343264306662633339613562626338
31383938323066333366656638626630663837646138663761303834356531646337653262363134
36373738656233383431643961653731333233393066663566353364656632653166643639353765
36316536373435373430626264306530313865373162653737363337313935643635376561656665
32356435346662336261623935643061623834653038386265363164313434323630353633633630
34623532356561643139656134656536313438333266623533643237376261326464653565336335
61303265383165643566613766306630363963383832353262393639333330356265393136383664
64656536633932613031313062343431636339383936393538393064646133373763626362376262
65633937316337653364653039616466656266323835333561643634346531623031346631383735
37636363356466363335376163393033346465303166333064666232333663323562646531373838
30353839613237326138313831363261623034333838653862666236613736383364373439336161
66343136396137333338613538363539626163663931303739306330316333383936626339623161
63663465306662353739376338626439653339303261333563346632373931326438346334343833
33666537326539356634326661663762666539666663643532373263656166393439393937636135
61373430636632306562373631646231633839343432623138663431393032306563643537333333
61316363616437356230656530336163613438323937356630316630343665333034643836343836
63306139666162373535383736663033613732663336663131373831323664313631633230363361
66643461336437313134363439303764353234653439386431376135623030656166646565353939
65306131386533353930353862623034666633343839353466373464313665343337303630396230
36346639636133383633363537633530306266643730643431613465346362323866336533336239
35373432656662643435336162323833313431383734663334333965306464346531646137616664
36356431373634343934626465373839323230313834323737383364363531313535643665313733
61613363666139316564656233326137303861666239393231383033346432313431373732386431
37616162613039363139346662393538393338626664623830346366323038663231613238373561
34323233656330663339333732303832313039303532393136313261633939373662626433303638
32373633643231613333356364636630333562623836633137636164653035393765626135633866
35353933623330653830633161626632353832313761303335646430656631643861343764386530
61613461613266626237316464333538366163626163333336346331393134353863303638376564
33626632383133373465316161643732653930346632313334303132653666396661366133346235
33396462376162343564663638626366333338376564343165313335343265343035306465633566
31376366323637376561366465343064633432343165366538643733633238613239336533636664
38373636613262346339383835323132303063343437333731663165353661333534363262303864
38343965346438363934613039613966613130323432653062356539656165663933306339646466
35303438633632643139366534353138373734313030626536633534323261656136303535346462
63316363396634353063316435363266613965613061663065333834356663373464373564353437
34323037303562633034333066643664636336396431386632383863666535623934626366323439
62633961323538663365656631336563303363663536633838613765313331363435313466356238
62376563373336636363343231633735353635333365303963326264353333373136616430303864
32333639316335636532373832653463323762353131373633363737353130663635656561346430
66303534643136666264653138636332336231386239653463316338623864303537323338393630
39623135396433623038383536656565353537323139326436356164383930636337363066363231
37343163613135303265613261663462643431323462343864366662613435633238633362613836
38326634383235643531306430613065663931653332636534346134393630373166303937353031
66616238326431666336316431663430653132383639336263663631396433366338626435366363
39333930666231663531363064396633613233343936633435636265353038366630653732326130
39386638316230326132366631646561303766653262633363643064383836336264643630343661
65396139323865326662313262306331303538393664353036666164386561333033373062623738
65303837303366653833383639616463316637393237323962333932636235653333343364306633
61313063616530383266616634653163366233613364363835653232666666653732383764313939
61343833303137663231336261383732326439653063633538343033353165393530646565613636
65663966396562646435613437356339346366333330333061383136633866626334363036326639
65643437303931323364343965313137346434343463653063326538373466633330393930313035
32366438326362336434643831393065636639636635626338663931663966306662633662333364
32393639396438623863353530306337316639626536333132616331313461613030646535663763
39333434323232633861356231666331313638376135383833663331366436653638396432643265
65666563336630316436343134616466386362633834663066386463613030363736323636643638
38643036663733623466333864353735346430626230316636643531343965613935663135303734
32626236616266636433623364623666366437346539613532386535313765356436333035623539
62343130373237353535356261346134663237333737316663633564653862376330306234393361
30633530313866306165383963353031366466356330613038363362663530373265383633613630
62383262363063363138363662316163346166616564633738666439646532646539616434313162
63653631643965343931336635393334366635623334383331333064333561303238383339653831
62323664363939346664376661303433643032393138643165663034303730326563366437383861
66393364326435643431653663613833663035346363376130363133343362363435333235343934
66343531396330323732336665323337323931626335643533303939646462336538373064626236
34636331343130663432323066663465373035636332306266626137646161336139656638353437
38663962333662303031643132666636663462663336326663653734363431656266663237366139
31653837363361383733623761306437363230343138663733313866323031323034656331663864
30363161303633666665313661316332653836656338633334653335623262623566353264383034
66326231383235306535646637303363396538613838393464616532663563616263386530363166
31663236306536353536656532353630333365393130306662396266343933656332336233653263
35386630333538653139373530333331316431633330303066663839306434366237343134353031
35626566613161366461623031636663353033383831356435653764653135656536383233306332
38643931323565363263616539613238303033366566333433643439643537373834386363623938
64303565326134373836326561653361633637663262393939663530613136386332653232373561
39323966656635323664306138326634396332333431353337343164353337396637663633306132
65663363373166366536643166323633636533303166313635623935323762353433313965393962
34656134383035643536613766633561356234333139353266353136616663393032376338376364
31613536663931613834613735633833383233323961333835313131666637636531376432343763
34613265636335386233356334363462376132373266373562306537643631393335323738656562
34353865373261613437346531323233316161353863373639356335646435366234653733643438
33316531323032633966386138393362353932366262343032363161653431626635333437396633
65313064306564333961623962633732323534353361323866653166663737626461303432326463
3036666134663166323634623630396538326332383965303864
